3 0.65859375 0.04921875 0.0365234375 0.0515625
1 0.6890625 0.08203125 0.0345703125 0.0265625
1 0.61171875 0.1375 0.0353515625 0.0400390625
1 0.64375 0.19296875 0.0373046875 0.0359375
1 0.559375 0.2609375 0.04453125 0.0439453125
1 0.44296875 0.2515625 0.04375 0.0345703125
1 0.4578125 0.3265625 0.04140625 0.041015625
1 0.42109375 0.18828125 0.04375 0.0296875
1 0.44765625 0.0921875 0.0333984375 0.028515625
1 0.48984375 0.071875 0.0333984375 0.03046875
1 0.37890625 0.50703125 0.0453125 0.0390625
1 0.3265625 0.5109375 0.034765625 0.0505859375
1 0.51171875 0.575 0.0453125 0.0498046875
1 0.22890625 0.665625 0.0478515625 0.0466796875
1 0.1796875 0.8203125 0.053125 0.0591796875
1 0.28359375 0.875 0.0478515625 0.0556640625
3 0.24375 0.7625 0.1005859375 0.1654296875