1 0.70078125 0.7625 0.0455078125 0.053125
1 0.38046875 0.94375 0.057421875 0.0587890625
1 0.275 0.88046875 0.043359375 0.0701171875
1 0.38671875 0.61484375 0.0509765625 0.053125
1 0.27890625 0.6078125 0.05625 0.02265625
1 0.31328125 0.47578125 0.0509765625 0.046875
1 0.3546875 0.49375 0.0501953125 0.0439453125
1 0.43671875 0.53359375 0.040625 0.0486328125
1 0.41875 0.42109375 0.041015625 0.041796875
1 0.43046875 0.35234375 0.0453125 0.034375
1 0.35078125 0.3265625 0.0517578125 0.040625
1 0.59375 0.346875 0.046484375 0.04453125
1 0.48984375 0.2828125 0.038671875 0.040625
1 0.4453125 0.27265625 0.034375 0.0455078125
1 0.65234375 0.203125 0.0375 0.03125
1 0.440625 0.121875 0.0474609375 0.03828125
1 0.48359375 0.08203125 0.04375 0.0365234375
1 0.5171875 0.04296875 0.044140625 0.032421875
1 0.62109375 0.046875 0.039453125 0.03203125
3 0.68125 0.08671875 0.0529296875 0.0794921875
3 0.4078125 0.2375 0.0443359375 0.096875
3 0.63515625 0.68046875 0.041796875 0.085546875
1 0.3703125 0.2453125 0.028125 0.040625