1 0.428125 0.0453125 0.0345703125 0.025
1 0.48359375 0.08359375 0.0357421875 0.0234375
1 0.58515625 0.0875 0.033203125 0.0318359375
1 0.65625 0.0640625 0.0345703125 0.0283203125
1 0.5453125 0.328125 0.040625 0.0376953125
1 0.37109375 0.32890625 0.0546875 0.0390625
1 0.54375 0.684375 0.0494140625 0.05546875
1 0.48125 0.71875 0.044140625 0.05
1 0.36640625 0.709375 0.0478515625 0.0470703125
1 0.30234375 0.76484375 0.0482421875 0.0515625
1 0.25703125 0.73828125 0.0453125 0.0546875
1 0.13828125 0.9171875 0.0583984375 0.0599609375
1 0.40390625 0.52421875 0.0388671875 0.0453125
1 0.45625 0.19296875 0.037890625 0.0328125
1 0.40390625 0.215625 0.0328125 0.0314453125