1 0.62734375 0.71015625 0.0546875 0.0546875
1 0.44375 0.95625 0.0529296875 0.062890625
1 0.34296875 0.8890625 0.0455078125 0.0560546875
1 0.41015625 0.659375 0.0541015625 0.05078125
1 0.45859375 0.7375 0.0541015625 0.0630859375
1 0.48046875 0.475 0.04375 0.0443359375
1 0.62734375 0.475 0.0390625 0.0404296875
1 0.71640625 0.45859375 0.0421875 0.0421875
1 0.6734375 0.378125 0.03984375 0.033984375
1 0.63203125 0.321875 0.04375 0.037890625
1 0.50625 0.28671875 0.0474609375 0.036328125
1 0.41953125 0.32890625 0.0541015625 0.038671875
1 0.3953125 0.4125 0.0494140625 0.049609375
1 0.39375 0.2390625 0.044140625 0.0341796875
1 0.40625 0.16484375 0.04375 0.0328125
1 0.484375 0.1625 0.055859375 0.031640625
1 0.45234375 0.12265625 0.0421875 0.0298828125
1 0.521875 0.09296875 0.043359375 0.0236328125
1 0.43515625 0.053125 0.0361328125 0.028515625
1 0.434375 0.0078125 0.0375 0.015625
1 0.50078125 0.0328125 0.029296875 0.0224609375
1 0.59609375 0.0546875 0.0396484375 0.0287109375
1 0.6328125 0.05546875 0.041015625 0.0328125
1 0.70625 0.3328125 0.044140625 0.0533203125
3 0.57890625 0.628125 0.0642578125 0.0720703125
3 0.75390625 0.79375 0.0642578125 0.1595703125