3 0.4328125 0.7765625 0.1931640625 0.266015625
3 0.89453125 0.465625 0.0203125 0.0591796875
3 0.7796875 0.484375 0.0337890625 0.0474609375
1 0.72265625 0.56015625 0.044921875 0.0544921875
1 0.5484375 0.56171875 0.0662109375 0.053125
3 0.69765625 0.671875 0.0734375 0.097265625
1 0.7734375 0.57109375 0.0400390625 0.053125
1 0.7984375 0.53671875 0.0279296875 0.045703125
1 0.78671875 0.5125 0.026171875 0.03203125
1 0.809375 0.5078125 0.025 0.0314453125
1 0.82109375 0.490625 0.01875 0.025
1 0.81953125 0.46796875 0.0197265625 0.036328125
1 0.86875 0.46796875 0.018359375 0.034375
3 0.8765625 0.45 0.02265625 0.034765625