3 0.94609375 0.73828125 0.1078125 0.2515625
3 0.91953125 0.4828125 0.035546875 0.0654296875
0 0.590625 0.63828125 0.172265625 0.234375
2 0.52421875 0.79375 0.0416015625 0.1130859375
1 0.79921875 0.88359375 0.0826171875 0.16875
1 0.86640625 0.6453125 0.0486328125 0.081640625
1 0.8859375 0.553125 0.02890625 0.0466796875
1 0.940625 0.55234375 0.033984375 0.0548828125
1 0.9296875 0.51484375 0.0275390625 0.0365234375
1 0.8890625 0.51015625 0.0224609375 0.034375
1 0.87578125 0.4875 0.016796875 0.028125
1 0.8875 0.46953125 0.0123046875 0.0203125
1 0.7359375 0.615625 0.043359375 0.062890625
1 0.68125 0.70078125 0.0619140625 0.085546875
1 0.7390625 0.546875 0.030859375 0.03828125
1 0.7625 0.58828125 0.0310546875 0.040625
1 0.7796875 0.559375 0.0318359375 0.034765625
1 0.79296875 0.534375 0.029296875 0.03203125
1 0.80234375 0.51015625 0.0201171875 0.0234375
1 0.815625 0.4984375 0.0216796875 0.0283203125
1 0.7671875 0.5109375 0.0216796875 0.041015625
1 0.78359375 0.48984375 0.019921875 0.026171875
1 0.79140625 0.47265625 0.0177734375 0.028125
3 0.81796875 0.465625 0.019921875 0.037890625
3 0.85859375 0.44375 0.0171875 0.0251953125
1 0.86328125 0.46640625 0.0140625 0.0205078125