1 0.5625 0.54296875 0.053515625 0.073046875
1 0.621875 0.3734375 0.03828125 0.041015625
1 0.459375 0.35859375 0.0345703125 0.0517578125
1 0.47421875 0.32890625 0.033203125 0.039453125
1 0.36171875 0.440625 0.0484375 0.0568359375
1 0.3265625 0.52890625 0.0595703125 0.0580078125
1 0.340625 0.57734375 0.074609375 0.0857421875
1 0.20078125 0.5 0.0580078125 0.08125
1 0.646875 0.2984375 0.0216796875 0.0341796875
1 0.65546875 0.25078125 0.0203125 0.0365234375
1 0.615625 0.23984375 0.0189453125 0.028125
1 0.72734375 0.23515625 0.0201171875 0.0263671875