1 0.50703125 0.60234375 0.0361328125 0.0546875
1 0.459375 0.6015625 0.03203125 0.053125
1 0.3515625 0.63671875 0.04140625 0.0673828125
1 0.73125 0.76875 0.069140625 0.08203125
1 0.7609375 0.853125 0.0775390625 0.106640625
1 0.62265625 0.51953125 0.0234375 0.0359375
1 0.584375 0.49765625 0.0212890625 0.029296875
1 0.50703125 0.51875 0.0234375 0.037890625
1 0.459375 0.5453125 0.0189453125 0.0314453125
1 0.4734375 0.52578125 0.015625 0.0326171875
1 0.54296875 0.4859375 0.0142578125 0.0310546875
1 0.52421875 0.48984375 0.0236328125 0.029296875
1 0.49609375 0.48984375 0.0171875 0.0326171875
1 0.7046875 0.565625 0.0287109375 0.05
2 0.52265625 0.89765625 0.085546875 0.1701171875
2 0.671875 0.86015625 0.0369140625 0.1205078125