0 0.94609375 0.796875 0.1078125 0.225
0 0.86796875 0.740625 0.0677734375 0.1685546875
1 0.21875 0.9390625 0.15 0.121875
1 0.1984375 0.78046875 0.090625 0.1044921875
1 0.3828125 0.821875 0.078515625 0.1185546875
1 0.5484375 0.84375 0.0693359375 0.1158203125
1 0.54609375 0.78125 0.0677734375 0.05703125
1 0.55390625 0.72578125 0.0455078125 0.0736328125
1 0.50078125 0.66640625 0.053125 0.0671875
1 0.34765625 0.64765625 0.0388671875 0.0552734375
1 0.44921875 0.5453125 0.0294921875 0.0435546875
1 0.52265625 0.54765625 0.0240234375 0.036328125
1 0.49453125 0.54140625 0.0201171875 0.034375
1 0.5546875 0.609375 0.034765625 0.0533203125
1 0.7609375 0.83359375 0.077734375 0.114453125
1 0.71953125 0.79140625 0.0291015625 0.0859375
1 0.7328125 0.73203125 0.05390625 0.0603515625
1 0.70390625 0.565625 0.0322265625 0.05078125
1 0.625 0.5125 0.03203125 0.0376953125
1 0.653125 0.51484375 0.0283203125 0.0296875
3 0.65078125 0.81640625 0.0673828125 0.140625
3 0.63671875 0.7328125 0.060546875 0.0681640625