0 0.94453125 0.79765625 0.1109375 0.2265625
0 0.86796875 0.740625 0.0732421875 0.1693359375
1 0.21875 0.93984375 0.15 0.1203125
1 0.1984375 0.78046875 0.09609375 0.1080078125
1 0.3828125 0.821875 0.077734375 0.1181640625
1 0.5484375 0.84375 0.0689453125 0.1158203125
1 0.54609375 0.78125 0.0669921875 0.05625
1 0.55390625 0.72578125 0.0458984375 0.0736328125
1 0.50078125 0.66640625 0.055078125 0.06875
1 0.34765625 0.64765625 0.0384765625 0.0548828125
1 0.44921875 0.5453125 0.0294921875 0.0435546875
1 0.52265625 0.54765625 0.0259765625 0.036328125
1 0.49453125 0.54140625 0.0208984375 0.035546875
1 0.5546875 0.609375 0.034765625 0.0533203125
1 0.7609375 0.83359375 0.071875 0.1109375
1 0.71953125 0.79140625 0.0322265625 0.086328125
1 0.7328125 0.73203125 0.05390625 0.0607421875
1 0.70390625 0.565625 0.0298828125 0.050390625
1 0.625 0.5125 0.033984375 0.0376953125
1 0.653125 0.51484375 0.0287109375 0.030078125
3 0.65078125 0.81640625 0.0728515625 0.142578125
3 0.63671875 0.7328125 0.0578125 0.0654296875