0 0.80078125 0.671875 0.171875 0.206640625
1 0.340625 0.65078125 0.0470703125 0.0705078125
1 0.021875 0.86015625 0.04375 0.1078125
1 0.09296875 0.5484375 0.042578125 0.046484375
1 0.01328125 0.6046875 0.0265625 0.05625
1 0.278125 0.57578125 0.0380859375 0.059375
1 0.19296875 0.50703125 0.0298828125 0.0375
1 0.35234375 0.53125 0.023828125 0.037890625
1 0.36484375 0.5078125 0.0203125 0.0314453125
1 0.40078125 0.51171875 0.020703125 0.0330078125
1 0.453125 0.52734375 0.0244140625 0.0427734375
1 0.5828125 0.53515625 0.0341796875 0.0517578125