1 0.60390625 0.84296875 0.0890625 0.1451171875
1 0.71875 0.7828125 0.1119140625 0.1841796875
1 0.378125 0.634375 0.0400390625 0.06953125
1 0.36875 0.58984375 0.0283203125 0.041796875
1 0.3890625 0.56328125 0.0220703125 0.0359375
1 0.5078125 0.528125 0.0189453125 0.031640625
1 0.52890625 0.5171875 0.019921875 0.028515625
1 0.40703125 0.53125 0.0234375 0.03828125
1 0.41875 0.50625 0.0125 0.0185546875
1 0.48984375 0.496875 0.011328125 0.0185546875
1 0.50625 0.4921875 0.0123046875 0.015625
1 0.5 0.48046875 0.0095703125 0.0171875
1 0.446875 0.4765625 0.009375 0.0154296875