1 0.60390625 0.84296875 0.0921875 0.1458984375
1 0.71875 0.7828125 0.1095703125 0.1837890625
1 0.378125 0.634375 0.0376953125 0.069140625
1 0.36875 0.58984375 0.0287109375 0.041796875
1 0.3890625 0.56328125 0.0224609375 0.036328125
1 0.5078125 0.528125 0.0189453125 0.031640625
1 0.52890625 0.5171875 0.01875 0.028515625
1 0.40703125 0.53125 0.021875 0.037890625
1 0.41875 0.50625 0.012890625 0.0185546875
1 0.48984375 0.496875 0.0109375 0.0185546875
1 0.50625 0.4921875 0.0123046875 0.015625
1 0.5 0.48046875 0.0095703125 0.0171875
1 0.446875 0.4765625 0.009375 0.0154296875