3 0.7265625 0.6234375 0.240234375 0.28125
1 0.64609375 0.4171875 0.0708984375 0.04765625
1 0.459375 0.39453125 0.0787109375 0.0375
1 0.0421875 0.6046875 0.084375 0.08125
1 0.7421875 0.37421875 0.059765625 0.0365234375
3 0.81328125 0.33515625 0.0546875 0.0482421875
1 0.72265625 0.33359375 0.0486328125 0.025
3 0.64609375 0.33203125 0.054296875 0.0478515625
1 0.76640625 0.30234375 0.0298828125 0.0205078125
1 0.43671875 0.31796875 0.0419921875 0.019921875
1 0.54453125 0.30078125 0.0330078125 0.016796875
1 0.575 0.3078125 0.034375 0.0189453125
1 0.60234375 0.296875 0.0236328125 0.01328125
1 0.58359375 0.2890625 0.0265625 0.0126953125
1 0.61953125 0.2890625 0.028125 0.009765625
1 0.6015625 0.27578125 0.0185546875 0.009375
1 0.64453125 0.278125 0.0234375 0.0125
1 0.6765625 0.30078125 0.028125 0.014453125
1 0.6875 0.28671875 0.0220703125 0.0125
1 0.684375 0.2671875 0.019140625 0.0126953125
1 0.71953125 0.2734375 0.0234375 0.0099609375
1 0.74609375 0.2734375 0.0234375 0.0095703125
1 0.76328125 0.28125 0.0267578125 0.0123046875
1 0.76015625 0.26796875 0.0171875 0.0109375