3 0.7640625 0.3859375 0.1125 0.109375
3 0.66796875 0.28046875 0.0267578125 0.016796875
1 0.68125 0.728125 0.19453125 0.1880859375
1 0.403125 0.471875 0.11328125 0.0533203125
1 0.37578125 0.39140625 0.0767578125 0.0357421875
1 0.503125 0.321875 0.0439453125 0.0212890625
1 0.6046875 0.303125 0.0310546875 0.0154296875
1 0.6296875 0.29375 0.028125 0.0126953125
1 0.66484375 0.31953125 0.036328125 0.021875
1 0.7328125 0.31484375 0.028125 0.0169921875
1 0.77421875 0.3078125 0.0388671875 0.0220703125
1 0.73125 0.290625 0.03125 0.0123046875
1 0.72734375 0.27734375 0.0201171875 0.0140625
1 0.6203125 0.28046875 0.0279296875 0.0125
1 0.59765625 0.28828125 0.0265625 0.0115234375
1 0.6328125 0.29453125 0.025 0.0173828125
3 0.75703125 0.275 0.0267578125 0.01953125