3 0.54296875 0.3328125 0.0611328125 0.03515625
1 0.73125 0.278125 0.0443359375 0.040234375
1 0.38203125 0.4859375 0.1203125 0.0662109375
1 0.75078125 0.78046875 0.236328125 0.2234375
1 0.66640625 0.41484375 0.0802734375 0.053125
1 0.77578125 0.4015625 0.0767578125 0.04140625
1 0.79140625 0.33984375 0.0611328125 0.0291015625
1 0.76875 0.28359375 0.0189453125 0.0140625
1 0.7828125 0.27265625 0.021484375 0.0125
1 0.678125 0.2953125 0.0251953125 0.0154296875
1 0.703125 0.28125 0.0216796875 0.0125
1 0.584375 0.3140625 0.037109375 0.016015625
1 0.5296875 0.29609375 0.0341796875 0.016796875
1 0.4671875 0.3140625 0.0439453125 0.0158203125
1 0.48828125 0.3328125 0.0451171875 0.019140625
1 0.51171875 0.365625 0.0490234375 0.0279296875
1 0.41171875 0.36640625 0.0640625 0.029296875
1 0.528125 0.31328125 0.0435546875 0.01875