1 0.3796875 0.3875 0.0849609375 0.041015625
1 0.325 0.48984375 0.1275390625 0.071875
1 0.084375 0.5484375 0.16875 0.0875
1 0.10546875 0.82578125 0.2109375 0.2515625
1 0.40703125 0.3390625 0.0703125 0.033984375
1 0.72578125 0.334375 0.058203125 0.0287109375
1 0.7015625 0.28125 0.0310546875 0.0279296875
1 0.46171875 0.28984375 0.058203125 0.0263671875
1 0.521875 0.27265625 0.030859375 0.0169921875
1 0.553125 0.265625 0.0279296875 0.018359375
1 0.609375 0.2703125 0.030859375 0.015625
1 0.58125 0.259375 0.025390625 0.0158203125
1 0.61015625 0.25390625 0.0203125 0.0109375
1 0.6359375 0.26171875 0.0216796875 0.0078125
1 0.7109375 0.2640625 0.0279296875 0.0125
1 0.7453125 0.26796875 0.0310546875 0.0142578125
1 0.6625 0.25546875 0.0154296875 0.009375
1 0.6328125 0.25078125 0.0189453125 0.008203125
1 0.72734375 0.25390625 0.0236328125 0.011328125