1 0.78515625 0.7203125 0.23125 0.2154296875
1 0.775 0.403125 0.1126953125 0.080859375
1 0.50625 0.359375 0.069140625 0.04453125
1 0.39921875 0.3703125 0.0759765625 0.043359375
1 0.48671875 0.32890625 0.0486328125 0.0265625
1 0.7171875 0.32265625 0.03515625 0.01875
1 0.72109375 0.309375 0.025 0.012890625
1 0.76484375 0.296875 0.0205078125 0.0126953125
1 0.73828125 0.2875 0.01875 0.012890625
1 0.68984375 0.2953125 0.0205078125 0.0125
1 0.703125 0.28984375 0.0185546875 0.0109375
1 0.72265625 0.28125 0.028125 0.009765625
1 0.67421875 0.284375 0.0232421875 0.009375
1 0.65390625 0.28203125 0.0173828125 0.0109375
1 0.63125 0.284375 0.025 0.01953125
1 0.75390625 0.2796875 0.01875 0.009765625
1 0.740625 0.27734375 0.0158203125 0.0125