1 0.16875 0.84140625 0.2880859375 0.225
1 0.43515625 0.60703125 0.085546875 0.1546875
1 0.31171875 0.58125 0.080078125 0.140625
1 0.021875 0.2953125 0.04375 0.071875
1 0.3421875 0.44375 0.0626953125 0.0998046875
1 0.33984375 0.3640625 0.05625 0.0693359375
1 0.43359375 0.48828125 0.0861328125 0.1080078125
1 0.52734375 0.37421875 0.06875 0.120703125
1 0.44453125 0.3984375 0.0701171875 0.10859375
1 0.41171875 0.3640625 0.063671875 0.099609375
1 0.4453125 0.30859375 0.0470703125 0.0705078125
1 0.38984375 0.2984375 0.0458984375 0.078515625
1 0.36796875 0.2421875 0.0392578125 0.053515625
1 0.4546875 0.25546875 0.044140625 0.041796875
1 0.4265625 0.23046875 0.043359375 0.0798828125
2 0.3640625 0.66875 0.031640625 0.1498046875
2 0.328125 0.70078125 0.046875 0.173046875
3 0.4140625 0.90625 0.1375 0.1875
3 0.65078125 0.94140625 0.1734375 0.1171875