1 0.5453125 0.7046875 0.1287109375 0.19140625
1 0.43515625 0.90546875 0.1484375 0.1890625
1 0.28203125 0.73125 0.1357421875 0.194140625
1 0.1015625 0.82109375 0.203125 0.2203125
1 0.31328125 0.4734375 0.0859375 0.1337890625
1 0.5234375 0.43671875 0.0814453125 0.132421875
1 0.5140625 0.3390625 0.053125 0.071875
1 0.440625 0.36015625 0.06328125 0.1072265625
1 0.32890625 0.353125 0.065625 0.07421875
1 0.35234375 0.228125 0.0416015625 0.06328125
1 0.4875 0.246875 0.0560546875 0.0630859375
1 0.41875 0.20390625 0.0470703125 0.057421875
1 0.3328125 0.59921875 0.1068359375 0.133203125
2 0.4078125 0.71875 0.065234375 0.1568359375
2 0.390625 0.37890625 0.0318359375 0.1201171875
2 0.396875 0.2453125 0.0279296875 0.0748046875
2 0.44921875 0.22890625 0.026171875 0.0794921875
3 0.43359375 0.528125 0.0861328125 0.1658203125
3 0.03046875 0.2265625 0.0609375 0.06875