1 0.16875 0.84140625 0.2904296875 0.226953125
1 0.43515625 0.60703125 0.088671875 0.15625
1 0.31171875 0.58125 0.0875 0.144140625
1 0.021875 0.29453125 0.04375 0.0734375
1 0.3421875 0.44375 0.0658203125 0.1005859375
1 0.33984375 0.3640625 0.05625 0.0693359375
1 0.43359375 0.48828125 0.0830078125 0.1048828125
1 0.52734375 0.37421875 0.069921875 0.120703125
1 0.44453125 0.3984375 0.0673828125 0.10625
1 0.41171875 0.3640625 0.0625 0.09765625
1 0.4453125 0.30859375 0.0470703125 0.0705078125
1 0.38984375 0.2984375 0.0458984375 0.078515625
1 0.36796875 0.2421875 0.0396484375 0.053515625
1 0.4546875 0.25546875 0.044140625 0.041796875
1 0.4265625 0.23046875 0.044140625 0.0802734375
2 0.3640625 0.66875 0.03125 0.1498046875
2 0.328125 0.70078125 0.04453125 0.171875
3 0.4140625 0.90703125 0.134375 0.1859375
3 0.6515625 0.940625 0.175 0.11875