1 0.0296875 0.284375 0.059375 0.075
1 0.11953125 0.8546875 0.2390625 0.2375
1 0.41484375 0.93671875 0.1578125 0.1265625
1 0.43984375 0.64453125 0.0951171875 0.192578125
1 0.30546875 0.61015625 0.0919921875 0.1625
1 0.34140625 0.453125 0.0794921875 0.10078125
1 0.334375 0.36171875 0.0623046875 0.076953125
1 0.39296875 0.3765625 0.051953125 0.1005859375
1 0.43203125 0.49609375 0.09375 0.125
1 0.5421875 0.42421875 0.078125 0.1322265625
1 0.4390625 0.31171875 0.046875 0.0791015625
1 0.3875 0.290625 0.062109375 0.08203125
1 0.37578125 0.22578125 0.0451171875 0.0671875
1 0.42421875 0.22265625 0.0482421875 0.0765625
2 0.31484375 0.75390625 0.0607421875 0.2041015625
2 0.36328125 0.70546875 0.0478515625 0.1552734375