1 0.5453125 0.7046875 0.1287109375 0.19140625
1 0.43515625 0.90546875 0.1484375 0.1890625
1 0.28203125 0.73125 0.1396484375 0.197265625
1 0.10234375 0.821875 0.2046875 0.221875
1 0.31328125 0.4734375 0.088671875 0.1345703125
1 0.5234375 0.43671875 0.0751953125 0.128125
1 0.5140625 0.3390625 0.05625 0.074609375
1 0.440625 0.36015625 0.0625 0.1052734375
1 0.32890625 0.353125 0.066796875 0.07421875
1 0.35234375 0.228125 0.0416015625 0.06328125
1 0.4875 0.246875 0.0560546875 0.0650390625
1 0.41875 0.20390625 0.0462890625 0.055078125
1 0.3328125 0.59921875 0.1025390625 0.1296875
2 0.4078125 0.71875 0.066015625 0.1587890625
2 0.390625 0.37890625 0.0376953125 0.1205078125
2 0.396875 0.2453125 0.0310546875 0.0751953125
2 0.44921875 0.22890625 0.025 0.0794921875
3 0.43359375 0.528125 0.0888671875 0.1662109375
3 0.03125 0.2265625 0.0625 0.06875