1 0.21953125 0.7578125 0.0916015625 0.1505859375
1 0.4140625 0.59140625 0.052734375 0.0771484375
1 0.44453125 0.496875 0.029296875 0.055859375
1 0.4671875 0.453125 0.0283203125 0.0341796875
1 0.453125 0.41953125 0.0189453125 0.021875
1 0.565625 0.55546875 0.037109375 0.059375
1 0.540625 0.44765625 0.0248046875 0.0419921875
3 0.49140625 0.39609375 0.023046875 0.0333984375
3 0.46875 0.38671875 0.0216796875 0.0486328125
3 0.38125 0.4953125 0.0443359375 0.1037109375
3 0.59296875 0.4609375 0.0421875 0.0966796875