1 0.0421875 0.8359375 0.0841796875 0.1376953125
1 0.14296875 0.7265625 0.0798828125 0.07890625
1 0.18984375 0.7921875 0.0896484375 0.115234375
1 0.36015625 0.69375 0.060546875 0.0876953125
1 0.43671875 0.78203125 0.064453125 0.0919921875
1 0.47109375 0.6984375 0.04375 0.0720703125
1 0.453125 0.61796875 0.03046875 0.0427734375
1 0.4265625 0.60546875 0.0310546875 0.048046875
1 0.48671875 0.58046875 0.0265625 0.0392578125
1 0.46953125 0.5671875 0.0171875 0.034375
1 0.45390625 0.56484375 0.0142578125 0.0330078125
1 0.51171875 0.78046875 0.0484375 0.0833984375
1 0.53359375 0.6921875 0.0359375 0.053515625
1 0.55078125 0.62421875 0.0296875 0.0484375
1 0.51875 0.60234375 0.02421875 0.0392578125
1 0.534375 0.58203125 0.021875 0.0236328125
1 0.55625 0.59609375 0.01875 0.0205078125
1 0.559375 0.58203125 0.016015625 0.0203125
1 0.58984375 0.57890625 0.0203125 0.025
1 0.59296875 0.59921875 0.019921875 0.028125
1 0.59375 0.61640625 0.019140625 0.0330078125
1 0.59453125 0.64921875 0.0326171875 0.0390625
3 0.43671875 0.91171875 0.1390625 0.1765625
3 0.59765625 0.82890625 0.1046875 0.3421875
3 0.57421875 0.5390625 0.01875 0.0439453125