3 0.59765625 0.8890625 0.1109375 0.221875
3 0.38515625 0.5828125 0.0673828125 0.09140625
3 0.56171875 0.58359375 0.0357421875 0.0572265625
1 0.12890625 0.84921875 0.1171875 0.1296875
1 0.35703125 0.66171875 0.0486328125 0.067578125
1 0.41484375 0.815625 0.078125 0.1029296875
3 0.478125 0.89296875 0.090234375 0.1677734375
1 0.5046875 0.7703125 0.0494140625 0.072265625
1 0.46796875 0.70703125 0.0546875 0.0625
1 0.4875 0.65390625 0.037109375 0.0546875
1 0.47265625 0.59375 0.0228515625 0.05703125
1 0.44765625 0.5859375 0.0236328125 0.046484375
1 0.5203125 0.6125 0.0314453125 0.0314453125
1 0.53984375 0.6640625 0.032421875 0.0318359375
1 0.55 0.62890625 0.03671875 0.0302734375
1 0.52578125 0.70859375 0.0392578125 0.059375
1 0.6078125 0.753125 0.0560546875 0.053125
1 0.59296875 0.69375 0.039453125 0.0439453125
1 0.59140625 0.6640625 0.039453125 0.0345703125
1 0.6015625 0.63046875 0.0556640625 0.040625
1 0.5953125 0.5921875 0.02890625 0.0251953125
1 0.59375 0.56328125 0.02578125 0.023046875
1 0.50078125 0.5671875 0.021875 0.028515625