3 0.0890625 0.83984375 0.178125 0.3203125
3 0.57734375 0.87421875 0.1109375 0.2515625
3 0.5453125 0.62890625 0.0587890625 0.155078125
1 0.4796875 0.91171875 0.0779296875 0.1265625
1 0.425 0.79453125 0.06953125 0.0953125
1 0.3296875 0.73125 0.059375 0.0845703125
1 0.68984375 0.88203125 0.0673828125 0.1296875
1 0.60625 0.7359375 0.0443359375 0.06015625
1 0.61015625 0.67890625 0.0375 0.055078125
1 0.59453125 0.64296875 0.0291015625 0.0423828125
1 0.59296875 0.6140625 0.03125 0.0345703125
1 0.5203125 0.7328125 0.049609375 0.078125
1 0.46875 0.703125 0.046875 0.0591796875
1 0.50234375 0.64375 0.033203125 0.0474609375
1 0.47421875 0.59609375 0.023828125 0.0365234375
1 0.45 0.58359375 0.02578125 0.041796875
1 0.42734375 0.571875 0.025 0.0310546875
1 0.38984375 0.62578125 0.0330078125 0.0484375
1 0.35625 0.609375 0.0375 0.04375
1 0.459375 0.5515625 0.01953125 0.02890625
1 0.490625 0.54921875 0.01875 0.0236328125
1 0.49921875 0.571875 0.020703125 0.025