1 0.478125 0.88515625 0.07578125 0.1103515625
1 0.42890625 0.778125 0.067578125 0.102734375
1 0.37890625 0.6328125 0.045703125 0.0623046875
1 0.1765625 0.9015625 0.1439453125 0.1466796875
1 0.13515625 0.75703125 0.0978515625 0.0955078125
1 0.5953125 0.7578125 0.049609375 0.0943359375
1 0.59453125 0.85703125 0.051171875 0.0927734375
1 0.6578125 0.74609375 0.05625 0.0923828125
1 0.628125 0.68984375 0.03046875 0.0736328125
1 0.66484375 0.95859375 0.0828125 0.0828125
1 0.59375 0.665625 0.0369140625 0.04453125
1 0.5921875 0.62421875 0.025 0.0390625
1 0.5546875 0.609375 0.03125 0.0251953125
1 0.54609375 0.646875 0.0296875 0.034765625
1 0.4984375 0.63515625 0.030859375 0.0333984375
1 0.45703125 0.60390625 0.0353515625 0.0521484375
3 0.47265625 0.53515625 0.033203125 0.0580078125
3 0.5234375 0.70859375 0.06640625 0.14375
3 0.15234375 0.8375 0.3046875 0.240625
1 0.51640625 0.61640625 0.0322265625 0.0427734375
1 0.22890625 0.68515625 0.0740234375 0.0802734375