1 0.478125 0.88515625 0.074609375 0.1080078125
1 0.42890625 0.778125 0.067578125 0.102734375
1 0.37890625 0.6328125 0.0484375 0.0630859375
1 0.1765625 0.9015625 0.1466796875 0.1494140625
1 0.13515625 0.75703125 0.0978515625 0.0955078125
1 0.5953125 0.7578125 0.047265625 0.0939453125
1 0.59453125 0.85703125 0.05 0.0923828125
1 0.6578125 0.74609375 0.055859375 0.0923828125
1 0.628125 0.68984375 0.028125 0.0736328125
1 0.66484375 0.959375 0.0796875 0.08125
1 0.59375 0.665625 0.0349609375 0.044140625
1 0.5921875 0.62421875 0.02734375 0.039453125
1 0.5546875 0.609375 0.03125 0.0248046875
1 0.54609375 0.646875 0.0296875 0.03671875
1 0.4984375 0.63515625 0.02890625 0.0330078125
1 0.45703125 0.60390625 0.0326171875 0.0513671875
3 0.47265625 0.53515625 0.03125 0.0576171875
3 0.5234375 0.70859375 0.068359375 0.144921875
3 0.153125 0.8375 0.30625 0.24375
1 0.51640625 0.61640625 0.0302734375 0.0423828125
1 0.22890625 0.68515625 0.0732421875 0.0794921875