3 0.496875 0.53515625 0.0279296875 0.055078125
3 0.59453125 0.68515625 0.0765625 0.1986328125
1 0.65625 0.959375 0.09375 0.08125
1 0.5859375 0.87109375 0.071484375 0.1072265625
1 0.61796875 0.8 0.0736328125 0.09375
1 0.49609375 0.8359375 0.0673828125 0.0876953125
1 0.44921875 0.74609375 0.053125 0.0796875
1 0.4734375 0.6890625 0.0345703125 0.0720703125
1 0.4953125 0.64453125 0.02890625 0.0625
1 0.5234375 0.71796875 0.0341796875 0.0736328125
1 0.44375 0.565625 0.0318359375 0.040234375
1 0.490625 0.58125 0.0341796875 0.0373046875
1 0.434375 0.6390625 0.04375 0.0619140625
1 0.3640625 0.61953125 0.0564453125 0.0671875
1 0.22890625 0.76328125 0.0857421875 0.1107421875
1 0.3078125 0.95546875 0.11875 0.0890625
1 0.0765625 0.95078125 0.121875 0.0984375
1 0.52421875 0.5953125 0.0267578125 0.0470703125
3 0.54296875 0.6359375 0.0484375 0.090625