3 0.496875 0.53515625 0.0255859375 0.0546875
3 0.59453125 0.68515625 0.0765625 0.1986328125
1 0.65546875 0.959375 0.0953125 0.08125
1 0.5859375 0.87109375 0.071484375 0.1072265625
1 0.61796875 0.8 0.0771484375 0.096875
1 0.49609375 0.8359375 0.0677734375 0.0880859375
1 0.44921875 0.74609375 0.057421875 0.082421875
1 0.4734375 0.6890625 0.0369140625 0.0724609375
1 0.4953125 0.64453125 0.03125 0.063671875
1 0.5234375 0.71796875 0.0373046875 0.0740234375
1 0.44375 0.565625 0.0314453125 0.03828125
1 0.490625 0.58125 0.0349609375 0.0376953125
1 0.434375 0.6390625 0.040625 0.0595703125
1 0.3640625 0.61953125 0.0595703125 0.069921875
1 0.22890625 0.76328125 0.0888671875 0.1134765625
1 0.3078125 0.95625 0.11875 0.0875
1 0.0765625 0.9515625 0.11875 0.096875
1 0.52421875 0.5953125 0.0267578125 0.0470703125
3 0.54296875 0.6359375 0.0484375 0.090625