2 0.5359375 0.72421875 0.075 0.1046875
2 0.5171875 0.60625 0.046484375 0.0712890625
0 0.60625 0.54921875 0.1494140625 0.123046875
1 0.090625 0.84296875 0.18125 0.2515625
1 0.359375 0.87890625 0.2650390625 0.2263671875
1 0.77890625 0.84296875 0.2888671875 0.1919921875
1 0.67578125 0.70625 0.1572265625 0.1099609375
1 0.6484375 0.62109375 0.1287109375 0.0890625
1 0.403125 0.71640625 0.16328125 0.1171875
1 0.20703125 0.65546875 0.1859375 0.114453125
1 0.29375 0.58046875 0.1248046875 0.076171875
1 0.41796875 0.64296875 0.1322265625 0.0798828125
1 0.428125 0.5796875 0.0994140625 0.062890625
1 0.3515625 0.521875 0.072265625 0.05703125