3 0.24765625 0.69765625 0.1734375 0.1919921875
1 0.08515625 0.875 0.117578125 0.116015625
1 0.4515625 0.9484375 0.0875 0.103125
1 0.58125 0.9140625 0.066015625 0.1162109375
1 0.684375 0.96640625 0.071875 0.0671875
1 0.6125 0.79375 0.05 0.0837890625
1 0.5921875 0.72578125 0.040234375 0.059375
1 0.62265625 0.68515625 0.040625 0.0552734375
1 0.5953125 0.64921875 0.0251953125 0.0390625
1 0.5984375 0.61171875 0.022265625 0.0330078125
1 0.3390625 0.73203125 0.046875 0.0796875
1 0.421875 0.6453125 0.0369140625 0.0494140625
1 0.4125 0.5875 0.0248046875 0.03125
1 0.45703125 0.5796875 0.023828125 0.0255859375
1 0.453125 0.56015625 0.0162109375 0.0208984375
1 0.48515625 0.58203125 0.0177734375 0.023828125
1 0.47578125 0.54453125 0.016796875 0.0263671875
1 0.4984375 0.546875 0.0158203125 0.021875
1 0.5140625 0.55625 0.016015625 0.0189453125
3 0.5265625 0.66640625 0.0658203125 0.1703125
3 0.55703125 0.5890625 0.0294921875 0.0658203125
3 0.59765625 0.54453125 0.023828125 0.0544921875