3 0.46328125 0.8890625 0.1359375 0.221875
3 0.52265625 0.69609375 0.057421875 0.101171875
3 0.60390625 0.6953125 0.0625 0.2126953125
1 0.62421875 0.85078125 0.0796875 0.105078125
1 0.22109375 0.84609375 0.105078125 0.1353515625
1 0.24453125 0.6984375 0.0541015625 0.06015625
1 0.325 0.63125 0.044140625 0.0443359375
1 0.41015625 0.58828125 0.025 0.0330078125
1 0.43671875 0.56640625 0.0267578125 0.0330078125
1 0.4375 0.63671875 0.027734375 0.041796875
1 0.425 0.60703125 0.024609375 0.0392578125
1 0.48125 0.6734375 0.031640625 0.053125
1 0.52734375 0.60859375 0.021875 0.0298828125
1 0.53671875 0.5734375 0.017578125 0.0251953125
1 0.56328125 0.59765625 0.0205078125 0.03125
1 0.57109375 0.5703125 0.0169921875 0.016015625
1 0.52265625 0.54453125 0.014453125 0.0201171875
3 0.46953125 0.54140625 0.0333984375 0.0521484375
0 0.30234375 0.47421875 0.0697265625 0.0455078125
3 0.8046875 0.4703125 0.05234375 0.071875
1 0.50703125 0.5421875 0.0142578125 0.0158203125
1 0.49140625 0.534375 0.013671875 0.0189453125
3 0.52734375 0.5171875 0.0166015625 0.0310546875