1 0.128125 0.746875 0.1224609375 0.152734375
1 0.13125 0.66171875 0.0939453125 0.1111328125
1 0.34375 0.58046875 0.065625 0.0978515625
1 0.39609375 0.51015625 0.048046875 0.0580078125
1 0.453125 0.7203125 0.090625 0.112109375
1 0.4859375 0.8984375 0.134375 0.203125
1 0.63515625 0.675 0.060546875 0.1119140625
1 0.65625 0.55078125 0.0474609375 0.0740234375
1 0.521875 0.5984375 0.062109375 0.078515625
1 0.5640625 0.534375 0.044140625 0.058984375
1 0.58046875 0.4921875 0.0330078125 0.040234375
1 0.64140625 0.4828125 0.0353515625 0.040625
1 0.59765625 0.4640625 0.0291015625 0.04765625
1 0.484375 0.47578125 0.031640625 0.0390625
1 0.51328125 0.45859375 0.029296875 0.0423828125
1 0.68046875 0.45234375 0.0271484375 0.0330078125