1 0.41328125 0.48359375 0.0859375 0.1884765625
1 0.275 0.93359375 0.178125 0.1328125
1 0.596875 0.3453125 0.0966796875 0.1314453125
1 0.484375 0.14609375 0.034375 0.0701171875
1 0.51796875 0.115625 0.032421875 0.05078125
1 0.47421875 0.0953125 0.0328125 0.0470703125
1 0.4640625 0.05859375 0.0224609375 0.0365234375
1 0.45234375 0.02109375 0.0240234375 0.0361328125
1 0.42578125 0.06171875 0.0265625 0.05
1 0.38203125 0.06875 0.0302734375 0.046875
2 0.21015625 0.08203125 0.020703125 0.05625
0 0.81875 0.64765625 0.2462890625 0.491796875
0 0.60078125 0.175 0.1080078125 0.196484375
1 0.4 0.01796875 0.025390625 0.0357421875