1 0.1859375 0.86875 0.215625 0.2625
1 0.390625 0.56328125 0.1244140625 0.221875
1 0.36484375 0.1890625 0.0552734375 0.09140625
1 0.42734375 0.1421875 0.05 0.0630859375
1 0.53828125 0.21484375 0.0646484375 0.0982421875
1 0.47890625 0.084375 0.0322265625 0.0501953125
1 0.525 0.06484375 0.034765625 0.048828125
1 0.46484375 0.05625 0.028125 0.040625
1 0.428125 0.04296875 0.0283203125 0.0392578125
1 0.390625 0.04296875 0.03125 0.0392578125
0 0.596875 0.1671875 0.0974609375 0.175
0 0.66640625 0.28125 0.1078125 0.18828125