1 0.16328125 0.2375 0.066796875 0.11796875
1 0.5578125 0.509375 0.12109375 0.197265625
1 0.465625 0.9015625 0.1626953125 0.196875
1 0.5078125 0.18671875 0.06015625 0.0765625
1 0.48125 0.125 0.0380859375 0.0658203125
1 0.51171875 0.090625 0.035546875 0.0625
1 0.4296875 0.07578125 0.0341796875 0.053125
1 0.36796875 0.16953125 0.0478515625 0.0798828125
1 0.3125 0.0796875 0.0314453125 0.05625
1 0.315625 0.04453125 0.0255859375 0.0455078125
1 0.275 0.0546875 0.031640625 0.05390625
1 0.34609375 0.01953125 0.0328125 0.0390625
1 0.3859375 0.06171875 0.0306640625 0.0552734375
1 0.4609375 0.03671875 0.028515625 0.044921875
1 0.4875 0.0375 0.025390625 0.0439453125
2 0.978125 0.71484375 0.04375 0.2140625
2 0.16328125 0.11875 0.030078125 0.0591796875
0 0.7390625 0.4453125 0.1841796875 0.397265625
0 0.640625 0.2421875 0.0837890625 0.140625
0 0.59140625 0.15390625 0.073828125 0.1486328125