0 0.18515625 0.10859375 0.092578125 0.1484375
0 0.30234375 0.01953125 0.0421875 0.0390625
0 0.69296875 0.3546875 0.1701171875 0.325
0 0.5640625 0.1375 0.0775390625 0.0974609375
0 0.53125 0.06015625 0.062109375 0.1048828125
2 0.8828125 0.53046875 0.0466796875 0.166796875
2 0.12265625 0.1453125 0.026171875 0.06875
1 0.11796875 0.21328125 0.0642578125 0.0861328125
1 0.21953125 0.215625 0.0703125 0.1056640625
1 0.28125 0.07890625 0.037890625 0.079296875
1 0.56015625 0.58046875 0.1208984375 0.2333984375
1 0.509375 0.24609375 0.074609375 0.133203125
1 0.51796875 0.12265625 0.034375 0.073046875
1 0.48828125 0.0765625 0.025 0.0404296875
1 0.4640625 0.04921875 0.022265625 0.0423828125
1 0.43359375 0.07265625 0.0328125 0.0388671875
1 0.42578125 0.12109375 0.0419921875 0.0611328125
1 0.415625 0.16953125 0.0560546875 0.0853515625
1 0.390625 0.05625 0.0310546875 0.0501953125