1 0.3484375 0.29375 0.0724609375 0.13203125
1 0.35078125 0.9265625 0.1703125 0.146875
1 0.425 0.196875 0.053125 0.0806640625
1 0.55703125 0.24453125 0.0671875 0.0853515625
1 0.47734375 0.09375 0.035546875 0.05078125
1 0.5234375 0.07578125 0.030859375 0.051953125
1 0.46796875 0.06171875 0.028125 0.0388671875
1 0.4265625 0.05234375 0.031640625 0.0392578125
1 0.38984375 0.04921875 0.025 0.0390625
0 0.60078125 0.16171875 0.098046875 0.1552734375
0 0.68828125 0.3234375 0.125 0.2224609375
2 0.203125 0.0859375 0.01875 0.0560546875