1 0.36796875 0.93203125 0.1546875 0.1359375
1 0.653125 0.496875 0.127734375 0.18203125
1 0.48828125 0.18125 0.04375 0.0654296875
1 0.51953125 0.14609375 0.0330078125 0.0638671875
1 0.47890625 0.11875 0.040625 0.0498046875
1 0.47109375 0.07109375 0.0375 0.0455078125
1 0.4265625 0.0734375 0.02890625 0.0376953125
1 0.38125 0.09609375 0.03203125 0.0484375
1 0.45234375 0.0203125 0.0265625 0.040625
1 0.3984375 0.02421875 0.01875 0.0451171875
2 0.2140625 0.06796875 0.0189453125 0.0484375
0 0.6 0.16953125 0.099609375 0.1767578125
0 0.90703125 0.87578125 0.1859375 0.2484375