1 0.86640625 0.91015625 0.2078125 0.1796875
1 0.7390625 0.75078125 0.1400390625 0.1607421875
1 0.63203125 0.60625 0.073046875 0.0974609375
1 0.58046875 0.528125 0.0421875 0.0654296875
1 0.55 0.48984375 0.033984375 0.0515625
1 0.5265625 0.4640625 0.0283203125 0.034375
0 0.65234375 0.4265625 0.0798828125 0.0623046875
0 0.3828125 0.41875 0.0443359375 0.0880859375
2 0.68515625 0.57578125 0.03125 0.0861328125
1 0.46796875 0.45546875 0.0177734375 0.026171875
0 0.5640625 0.4390625 0.0318359375 0.0380859375