0 0.1890625 0.359375 0.258984375 0.2787109375
0 0.65625 0.43125 0.078125 0.069140625
1 0.85625 0.91796875 0.190625 0.1640625
1 0.70546875 0.72265625 0.0923828125 0.1298828125
1 0.62578125 0.6125 0.0638671875 0.0900390625
1 0.59609375 0.5640625 0.0513671875 0.0626953125
1 0.578125 0.53203125 0.0412109375 0.05625
1 0.5609375 0.5046875 0.02890625 0.0314453125
1 0.5515625 0.4828125 0.0283203125 0.028515625
1 0.48046875 0.46640625 0.0240234375 0.0333984375
0 0.56328125 0.44375 0.0330078125 0.043359375