0 0.1375 0.3453125 0.275 0.325
0 0.65625 0.425 0.0783203125 0.075390625
2 0.9171875 0.8203125 0.0810546875 0.1748046875
1 0.7546875 0.8 0.1380859375 0.1658203125
1 0.9265625 0.9703125 0.146875 0.059375
1 0.68359375 0.6859375 0.0923828125 0.097265625
1 0.62734375 0.609375 0.0701171875 0.08203125
1 0.5984375 0.56171875 0.0466796875 0.0638671875
1 0.57890625 0.53125 0.0375 0.0470703125
1 0.56015625 0.50703125 0.0234375 0.0390625
1 0.55078125 0.48984375 0.023046875 0.028125
1 0.5375 0.475 0.019140625 0.0310546875
1 0.496875 0.5046875 0.033984375 0.053515625
1 0.471875 0.4640625 0.0162109375 0.025
0 0.5625 0.44140625 0.0373046875 0.0330078125