1 0.375 0.54296875 0.10078125 0.2009765625
1 0.43125 0.33359375 0.072265625 0.1390625
1 0.515625 0.24296875 0.058984375 0.098046875
1 0.4953125 0.13984375 0.0431640625 0.058203125
1 0.47578125 0.08515625 0.0328125 0.0419921875
1 0.434375 0.06953125 0.0306640625 0.041796875
1 0.38359375 0.0984375 0.0333984375 0.0560546875
1 0.39609375 0.04453125 0.028125 0.0427734375
1 0.2703125 0.165625 0.046875 0.0623046875
1 0.27734375 0.0921875 0.0361328125 0.053515625
1 0.23984375 0.078125 0.034375 0.0498046875
1 0.3296875 0.04296875 0.0306640625 0.0396484375
1 0.521875 0.0703125 0.02578125 0.0560546875
0 0.27734375 0.03203125 0.04375 0.0640625
0 0.7203125 0.41328125 0.178515625 0.3625
0 0.64453125 0.23359375 0.0982421875 0.142578125
0 0.5765625 0.13203125 0.087890625 0.1392578125
0 0.1515625 0.1265625 0.0287109375 0.0689453125