2 0.190625 0.0953125 0.02578125 0.058984375
2 0.72109375 0.2953125 0.0333984375 0.0939453125
1 0.75625 0.75390625 0.18203125 0.273828125
1 0.52734375 0.390625 0.08125 0.127734375
1 0.41796875 0.24921875 0.063671875 0.110546875
1 0.340625 0.24921875 0.0654296875 0.1046875
1 0.51953125 0.18125 0.0541015625 0.0724609375
1 0.4296875 0.08828125 0.028515625 0.0451171875
1 0.384375 0.0921875 0.037109375 0.055859375
1 0.3234375 0.02109375 0.021875 0.0421875
1 0.39453125 0.034375 0.01875 0.0283203125
1 0.428125 0.04765625 0.025390625 0.0294921875
1 0.4609375 0.04921875 0.0248046875 0.0296875
1 0.48828125 0.06015625 0.0330078125 0.048046875
1 0.51328125 0.03828125 0.0294921875 0.03125
0 0.65390625 0.25703125 0.0986328125 0.1740234375
0 0.59921875 0.15859375 0.0923828125 0.1521484375