3 0.7015625 0.68203125 0.1755859375 0.419921875
3 0.9453125 0.6234375 0.109375 0.40625
3 0.64140625 0.25078125 0.101953125 0.1833984375
3 0.51484375 0.071875 0.0861328125 0.14375
3 0.3046875 0.334375 0.103125 0.16953125
3 0.0265625 0.07734375 0.053125 0.1546875
1 0.1390625 0.70390625 0.159375 0.24375
1 0.35390625 0.2453125 0.0859375 0.102734375
1 0.41171875 0.0953125 0.0576171875 0.078515625
1 0.4109375 0.03984375 0.0443359375 0.061328125
1 0.48046875 0.375 0.101171875 0.1501953125
1 0.809375 0.2953125 0.09375 0.122265625
1 0.721875 0.10859375 0.0625 0.08125
1 0.70703125 0.03515625 0.0515625 0.0703125
1 0.61015625 0.028125 0.0578125 0.05625
3 0.4703125 0.1359375 0.080859375 0.105859375