1 0.25390625 0.8671875 0.3046875 0.265625
1 0.26640625 0.60078125 0.2921875 0.283203125
1 0.26640625 0.38671875 0.2228515625 0.1865234375
1 0.2046875 0.20390625 0.20625 0.2076171875
1 0.1625 0.06875 0.2 0.1375
3 0.74609375 0.75625 0.3296875 0.4875
1 0.95625 0.4484375 0.0875 0.321875
1 0.840625 0.26796875 0.1779296875 0.261328125
1 0.9390625 0.09296875 0.121875 0.1828125
1 0.62890625 0.5 0.248828125 0.17421875
1 0.61328125 0.315625 0.2359375 0.2001953125
1 0.5046875 0.1625 0.1787109375 0.156640625
1 0.409375 0.159375 0.081640625 0.19453125
1 0.35546875 0.11484375 0.063671875 0.1705078125
1 0.315625 0.071875 0.05 0.14375
1 0.6515625 0.10234375 0.16015625 0.1861328125
1 0.54375 0.0453125 0.115625 0.090625
1 0.45859375 0.02578125 0.1015625 0.0515625
1 0.7359375 0.04765625 0.053515625 0.0953125