3 0.659375 0.359375 0.121484375 0.2814453125
3 0.85078125 0.31484375 0.1169921875 0.273046875
3 0.6234375 0.12421875 0.0724609375 0.1521484375
3 0.50390625 0.07265625 0.064453125 0.0951171875
3 0.3390625 0.2203125 0.080859375 0.14140625
3 0.05390625 0.053125 0.0796875 0.10625
1 0.02421875 0.125 0.0484375 0.1
1 0.2296875 0.475 0.1345703125 0.1943359375
1 0.1953125 0.69609375 0.14375 0.1892578125
1 0.03046875 0.8921875 0.0609375 0.196875
1 0.65625 0.78046875 0.169140625 0.228125
1 0.753125 0.146875 0.0744140625 0.096484375
1 0.690625 0.0390625 0.056640625 0.072265625
1 0.41953125 0.05625 0.0576171875 0.0748046875
1 0.3875 0.15859375 0.065234375 0.1041015625
1 0.503125 0.23828125 0.077734375 0.119921875