1 0.25390625 0.86640625 0.3078125 0.2671875
1 0.26640625 0.60078125 0.294921875 0.285546875
1 0.26640625 0.38671875 0.2142578125 0.1791015625
1 0.2046875 0.20390625 0.203125 0.2044921875
1 0.16328125 0.06796875 0.1984375 0.1359375
3 0.746875 0.7578125 0.321875 0.484375
1 0.9578125 0.4484375 0.084375 0.31875
1 0.840625 0.26796875 0.1806640625 0.263671875
1 0.93984375 0.09375 0.1203125 0.181640625
1 0.62890625 0.5 0.2578125 0.18671875
1 0.61328125 0.315625 0.234375 0.1974609375
1 0.5046875 0.1625 0.1748046875 0.15078125
1 0.409375 0.159375 0.081640625 0.19453125
1 0.35546875 0.11484375 0.069921875 0.1728515625
1 0.31640625 0.071875 0.0484375 0.14375
1 0.6515625 0.10234375 0.153125 0.1798828125
1 0.54375 0.04453125 0.1125 0.0890625
1 0.45859375 0.02578125 0.1015625 0.0515625
1 0.7359375 0.04765625 0.053125 0.0953125