1 0.1578125 0.37890625 0.08125 0.129296875
1 0.14921875 0.29375 0.0607421875 0.0625
1 0.275 0.384375 0.069140625 0.0939453125
1 0.47109375 0.63359375 0.1107421875 0.1521484375
1 0.23125 0.78984375 0.1154296875 0.1703125
1 0.3125 0.95 0.140625 0.1
1 0.82734375 0.7734375 0.1171875 0.158984375
1 0.74609375 0.67578125 0.1142578125 0.1384765625
1 0.66640625 0.540625 0.090625 0.1435546875
1 0.5953125 0.4625 0.0751953125 0.1001953125
1 0.55390625 0.41796875 0.05625 0.06875
1 0.5203125 0.39453125 0.0556640625 0.0771484375
1 0.49140625 0.5203125 0.0896484375 0.1
1 0.44140625 0.46953125 0.070703125 0.0953125
1 0.4640625 0.2265625 0.0494140625 0.0693359375
1 0.2953125 0.1359375 0.0408203125 0.05859375
1 0.2421875 0.11875 0.0376953125 0.0404296875
1 0.3046875 0.096875 0.0439453125 0.065234375
1 0.5828125 0.2765625 0.05390625 0.07890625
1 0.6953125 0.4171875 0.072265625 0.097265625
3 0.671875 0.3390625 0.125390625 0.134765625
1 0.58828125 0.20703125 0.06875 0.076953125