1 0.55546875 0.61328125 0.1173828125 0.1552734375
1 0.41328125 0.740625 0.1044921875 0.1462890625
1 0.3359375 0.84375 0.128515625 0.1876953125
1 0.19765625 0.62890625 0.0978515625 0.1333984375
1 0.3390625 0.52421875 0.087890625 0.121875
1 0.55234375 0.39609375 0.06875 0.105078125
1 0.51328125 0.3546875 0.06875 0.083984375
1 0.4765625 0.29375 0.059375 0.0783203125
1 0.421875 0.22890625 0.0564453125 0.0642578125
1 0.44921875 0.26484375 0.0486328125 0.055078125
1 0.59375 0.271875 0.0568359375 0.080859375
1 0.5140625 0.121875 0.04609375 0.0626953125
3 0.33828125 0.25546875 0.057421875 0.0865234375
1 0.2515625 0.27578125 0.05 0.0830078125
3 0.159375 0.3578125 0.0724609375 0.115625
1 0.16328125 0.2875 0.0580078125 0.0716796875
3 0.15546875 0.15625 0.0490234375 0.071875
1 0.2234375 0.1640625 0.046484375 0.069140625
1 0.225 0.2265625 0.043359375 0.0689453125
1 0.7078125 0.41484375 0.075390625 0.0951171875
1 0.5953125 0.2 0.059765625 0.0818359375
3 0.6875 0.3203125 0.14453125 0.1181640625