1 0.775 0.9171875 0.15625 0.165625
1 0.74296875 0.62421875 0.1103515625 0.1546875
3 0.6796875 0.33984375 0.1341796875 0.125
1 0.70625 0.42578125 0.078515625 0.103125
1 0.5546875 0.59765625 0.1154296875 0.154296875
1 0.61953125 0.76484375 0.1298828125 0.1865234375
1 0.4390625 0.784375 0.1189453125 0.1380859375
1 0.228125 0.6515625 0.0998046875 0.1341796875
1 0.190625 0.56328125 0.080859375 0.0705078125
1 0.3125 0.4421875 0.0779296875 0.1064453125
1 0.4734375 0.46953125 0.087890625 0.128125
1 0.40234375 0.39765625 0.06875 0.1259765625
1 0.36875 0.31484375 0.058984375 0.079296875
1 0.3328125 0.2375 0.0533203125 0.0751953125
1 0.2671875 0.3484375 0.06484375 0.0837890625
1 0.2265625 0.22578125 0.0466796875 0.078125
1 0.23515625 0.17109375 0.042578125 0.0640625
1 0.14375 0.21015625 0.05078125 0.0615234375
1 0.1734375 0.11796875 0.0408203125 0.0638671875
1 0.19375 0.0859375 0.0310546875 0.046875
1 0.246875 0.09609375 0.0380859375 0.0513671875
1 0.396875 0.1984375 0.044140625 0.059375
1 0.37578125 0.1421875 0.041796875 0.0564453125
1 0.59609375 0.2875 0.0541015625 0.0751953125
1 0.59921875 0.215625 0.0546875 0.071875
1 0.47421875 0.17734375 0.044921875 0.0625
1 0.5375 0.125 0.0380859375 0.050390625
1 0.31171875 0.0703125 0.0361328125 0.05
1 0.35703125 0.08515625 0.0353515625 0.0453125
1 0.24765625 0.0546875 0.0330078125 0.033984375