1 0.38671875 0.5796875 0.1734375 0.23125
1 0.35078125 0.796875 0.2140625 0.209765625
1 0.325 0.95625 0.240625 0.0875
1 0.075 0.95859375 0.15 0.0828125
1 0.70546875 0.9671875 0.2296875 0.065625
1 0.6875 0.78515625 0.199609375 0.3041015625
1 0.684375 0.5671875 0.166015625 0.1873046875
1 0.6515625 0.4203125 0.14765625 0.1875
1 0.6625 0.25078125 0.1255859375 0.160546875
1 0.4453125 0.4125 0.149609375 0.152734375
1 0.421875 0.3 0.13046875 0.134375
1 0.471875 0.21015625 0.116015625 0.1048828125
1 0.48359375 0.1265625 0.1 0.0845703125
1 0.840625 0.22734375 0.128515625 0.1052734375
1 0.89765625 0.32421875 0.1447265625 0.1201171875
1 0.87890625 0.51171875 0.1896484375 0.2392578125
1 0.96328125 0.68828125 0.0734375 0.2234375
1 0.96953125 0.8890625 0.0609375 0.221875
1 0.24609375 0.33203125 0.1302734375 0.1021484375
1 0.26875 0.228125 0.1314453125 0.112890625
1 0.31328125 0.11796875 0.10625 0.0990234375
1 0.23125 0.10703125 0.084375 0.1166015625
1 0.18125 0.03984375 0.08125 0.0796875
1 0.275 0.03125 0.0875 0.0625
1 0.49375 0.02890625 0.078125 0.0578125
1 0.8046875 0.1265625 0.1158203125 0.0912109375
1 0.7796875 0.06953125 0.0931640625 0.0552734375
1 0.75703125 0.0234375 0.0796875 0.046875
1 0.63046875 0.02890625 0.0890625 0.0578125
1 0.19140625 0.46875 0.18125 0.2275390625
3 0.10390625 0.73125 0.2078125 0.3625
3 0.6375 0.1125 0.11796875 0.11171875
2 0.8703125 0.85078125 0.125 0.2984375
2 0.165625 0.22734375 0.0529296875 0.1697265625
2 0.1 0.2234375 0.05 0.1712890625
2 0.03515625 0.259375 0.0515625 0.181640625
2 0.11171875 0.0890625 0.0390625 0.1318359375
2 0.134375 0.14453125 0.047265625 0.1490234375
2 0.7234375 0.16484375 0.0443359375 0.1580078125
1 0.35859375 0.04296875 0.080078125 0.0673828125
1 0.4921875 0.06796875 0.08125 0.0609375