1 0.4609375 0.15078125 0.04765625 0.048828125
1 0.42578125 0.0328125 0.0365234375 0.046484375
1 0.29453125 0.15625 0.0802734375 0.071484375
1 0.14375 0.41953125 0.1150390625 0.1361328125
1 0.08515625 0.64375 0.16875 0.1681640625
1 0.19453125 0.7921875 0.1759765625 0.2158203125
1 0.24375 0.64375 0.147265625 0.097265625
1 0.27265625 0.54375 0.121875 0.11328125
1 0.315625 0.43046875 0.1125 0.1083984375
1 0.23984375 0.390625 0.0771484375 0.08828125
1 0.28203125 0.3265625 0.073046875 0.06015625
1 0.3484375 0.359375 0.0912109375 0.0494140625
1 0.38359375 0.3109375 0.0828125 0.059375
1 0.41015625 0.2625 0.0697265625 0.0625
1 0.42265625 0.21328125 0.0634765625 0.048828125
1 0.440625 0.17734375 0.062890625 0.0353515625
1 0.38515625 0.89140625 0.1765625 0.2171875
1 0.45625 0.73671875 0.15546875 0.1833984375
1 0.41875 0.61875 0.124609375 0.1431640625
1 0.46953125 0.52890625 0.0982421875 0.1234375
1 0.47890625 0.43359375 0.1 0.1
1 0.49609375 0.38359375 0.078125 0.0578125
1 0.48984375 0.34140625 0.0701171875 0.0611328125
1 0.5015625 0.27890625 0.0720703125 0.0765625
1 0.50546875 0.2046875 0.064453125 0.080859375
1 0.52421875 0.15625 0.0421875 0.0498046875
1 0.6875 0.87890625 0.1587890625 0.18125
1 0.6546875 0.71796875 0.1373046875 0.173046875
1 0.65 0.56015625 0.147265625 0.1611328125
1 0.6421875 0.47265625 0.11015625 0.066796875
1 0.63203125 0.4078125 0.0982421875 0.0779296875
1 0.63203125 0.35078125 0.0875 0.0796875
1 0.6140625 0.290625 0.08125 0.0845703125
1 0.61796875 0.21953125 0.066796875 0.061328125
1 0.6015625 0.1765625 0.06484375 0.06640625
1 0.88046875 0.7984375 0.185546875 0.2162109375
1 0.90078125 0.63671875 0.1458984375 0.1478515625
1 0.83515625 0.53203125 0.114453125 0.1228515625
1 0.8046875 0.4390625 0.115625 0.1314453125
1 0.77421875 0.3796875 0.0953125 0.081640625
1 0.75390625 0.325 0.09375 0.0720703125
1 0.74296875 0.26484375 0.075 0.0798828125
1 0.71796875 0.1953125 0.0732421875 0.06015625
1 0.7046875 0.1640625 0.0662109375 0.0369140625
2 0.88828125 0.9046875 0.0765625 0.190625
2 0.22265625 0.27421875 0.0478515625 0.1046875
2 0.30390625 0.23984375 0.035546875 0.1017578125
2 0.3421875 0.26953125 0.034765625 0.105078125
2 0.3703125 0.1546875 0.037109375 0.068359375
2 0.45 0.09765625 0.0224609375 0.0701171875
2 0.53203125 0.0671875 0.0236328125 0.0689453125
2 0.50703125 0.0859375 0.026953125 0.072265625
2 0.4859375 0.103125 0.0220703125 0.080859375
2 0.684375 0.3203125 0.037109375 0.15390625
2 0.671875 0.25234375 0.025 0.1013671875
3 0.09921875 0.9296875 0.1984375 0.140625