1 0.52578125 0.68984375 0.21875 0.4701171875
1 0.5328125 0.3265625 0.1431640625 0.203125
1 0.9328125 0.24140625 0.134375 0.2140625
1 0.3578125 0.065625 0.103125 0.1154296875
1 0.1640625 0.18984375 0.1564453125 0.1791015625
1 0.0609375 0.134375 0.121875 0.1875
1 0.0609375 0.40546875 0.121875 0.2015625
1 0.51171875 0.0203125 0.0859375 0.040625
3 0.52578125 0.12421875 0.104296875 0.176171875
3 0.70625 0.115625 0.1375 0.23125
3 0.82109375 0.0609375 0.1078125 0.121875
3 0.228125 0.04921875 0.1375 0.0984375
1 0.33125 0.215625 0.1408203125 0.2060546875
0 0.24375 0.5484375 0.2783203125 0.527734375
2 0.4359375 0.2640625 0.052734375 0.2060546875
2 0.05703125 0.559375 0.1140625 0.24375
3 0.8125 0.628125 0.2560546875 0.4376953125
1 0.13828125 0.0375 0.1046875 0.075