3 0.7015625 0.68203125 0.1724609375 0.41875
3 0.94765625 0.6234375 0.1046875 0.403125
3 0.64140625 0.25078125 0.092578125 0.1798828125
3 0.5140625 0.07265625 0.090625 0.1453125
3 0.3046875 0.334375 0.10625 0.171875
3 0.025 0.07734375 0.05 0.1546875
1 0.1390625 0.70390625 0.159375 0.24375
1 0.35390625 0.2453125 0.084375 0.100390625
1 0.41171875 0.0953125 0.0576171875 0.078515625
1 0.4109375 0.03984375 0.0439453125 0.0609375
1 0.48046875 0.375 0.101953125 0.1505859375
1 0.809375 0.2953125 0.093359375 0.121875
1 0.721875 0.10859375 0.065625 0.083203125
1 0.70703125 0.03515625 0.0515625 0.0703125
1 0.61015625 0.028125 0.0578125 0.05625
3 0.4703125 0.1359375 0.078125 0.103125